Australia Company Number (ACN)  with at least 3 matches
236629404
203689061
309 760 530
236629404
203689061
309 760 530
236629404
203689061
309 760 530
236629404
203689061
309 760 530
236629404
203689061
309 760 530
236629404
203689061
309 760 530
236629404
203689061
309 760 530
236629404
203689061
309 760 530
236629404
203689061
309 760 530
236629404
203689061
309 760 530
236629404
203689061
309 760 530
236629404
203689061
309 760 530
236629404
203689061
309 760 530
236629404
203689061
309 760 530
236629404
203689061
309 760 530
236629404
203689061
309 760 530
236629404
203689061
309 760 530
236629404
203689061
309 760 530
236629404
203689061
309 760 530
236629404
203689061
309 760 530
236629404
203689061
309 760 530
236629404
203689061
309 760 530
236629404
203689061
309 760 530
236629404
203689061
309 760 530
236629404
203689061
309 760 530
236629404
203689061
309 760 530
236629404
203689061
309 760 530
236629404
203689061
309 760 530
236629404
203689061
309 760 530
236629404
203689061
309 760 530
Australia Company Number (ACN), ACN, Australia Company No., ACN No, ACN No#, 
 Australia Company No#, ACN Number

Australia Company Number (ACN)  with at least 3 matches multiple matches
247612433
176819604
502134787
270858136
436050136
532227446
642 891 496
380 653 181
540 930 485
300 949 177
570 980 577
428 384 550
137 631 820
560 394 228
185 052 532
820 974 634
760 261 178
232 492 001
247612433
176819604
502134787
270858136
436050136
532227446
642 891 496
380 653 181
540 930 485
300 949 177
570 980 577
428 384 550
137 631 820
560 394 228
185 052 532
820 974 634
760 261 178
232 492 001
247612433
176819604
502134787
270858136
436050136
532227446
642 891 496
380 653 181
540 930 485
300 949 177
570 980 577
428 384 550
137 631 820
560 394 228
185 052 532
820 974 634
760 261 178
232 492 001
247612433
176819604
502134787
270858136
436050136
532227446
642 891 496
380 653 181
540 930 485
300 949 177
570 980 577
428 384 550
137 631 820
560 394 228
185 052 532
820 974 634
760 261 178
232 492 001
247612433
176819604
502134787
270858136
436050136
532227446
642 891 496
380 653 181
540 930 485
300 949 177
570 980 577
428 384 550
137 631 820
560 394 228
185 052 532
820 974 634
760 261 178
232 492 001
247612433
176819604
502134787
270858136
436050136
532227446
642 891 496
380 653 181
540 930 485
300 949 177
570 980 577
428 384 550
137 631 820
560 394 228
185 052 532
820 974 634
760 261 178
232 492 001
247612433
176819604
502134787
270858136
436050136
532227446
642 891 496
380 653 181
540 930 485
300 949 177
570 980 577
428 384 550
137 631 820
560 394 228
185 052 532
820 974 634
760 261 178
232 492 001
247612433
176819604
502134787
270858136
436050136
532227446
642 891 496
380 653 181
540 930 485
300 949 177
570 980 577
428 384 550
137 631 820
560 394 228
185 052 532
820 974 634
760 261 178
232 492 001
247612433
176819604
502134787
270858136
436050136
532227446
642 891 496
380 653 181
540 930 485
300 949 177
570 980 577
428 384 550
137 631 820
560 394 228
185 052 532
820 974 634
760 261 178
232 492 001

Australia Company Number (ACN), ACN, Australia Company No., ACN No, ACN No#, Australia Company No#, ACN Number
