ID
2670011111
13150104
3001011100
7000011000
95071038
7050051000
8142270512
8806311031
1004211053
1004210915
9179050390
8806311031
8142270512
9179050390
9764060573
7353221222
7411211277
1004211053
1004210915


Austrian Social Security Number atleast two matches
1841 014450
1841 014450
1841 014450
1841 014450
1841 014450
1841 014450
1841 014450


socialsecurityno#,
sicherheit kein,

Austrian Social Security Number Multiple Records
1284 200435
2193 - 055294
6679 300204

5613 - 219298
3550 261536
8571 - 704429
1284 200435
2193 - 055294
6679 300204

5613 - 219298
3550 261536
8571 - 704429
1284 200435
2193 - 055294
6679 300204

5613 - 219298
3550 261536
8571 - 704429
1284 200435
2193 - 055294
6679 300204

5613 - 219298
3550 261536
8571 - 704429
1284 200435
2193 - 055294
6679 300204

5613 - 219298
3550 261536
8571 - 704429
1284 200435
2193 - 055294
6679 300204

5613 - 219298
3550 261536
8571 - 704429
1284 200435
2193 - 055294
6679 300204

5613 - 219298
3550 261536
8571 - 704429
1284 200435
2193 - 055294
6679 300204

5613 - 219298
3550 261536
8571 - 704429
1284 200435
2193 - 055294
6679 300204

5613 - 219298
3550 261536
8571 - 704429
1284 200435
2193 - 055294
6679 300204

5613 - 219298
3550 261536
8571 - 704429
1284 200435
2193 - 055294
6679 300204

5613 - 219298
3550 261536
8571 - 704429
1284 200435
2193 - 055294
6679 300204

5613 - 219298
3550 261536
8571 - 704429
1284 200435
2193 - 055294
6679 300204

5613 - 219298
3550 261536
8571 - 704429
1284 200435
2193 - 055294
6679 300204

5613 - 219298
3550 261536
8571 - 704429
1284 200435
2193 - 055294
6679 300204

5613 - 219298
3550 261536
8571 - 704429
1284 200435
2193 - 055294
6679 300204

5613 - 219298
3550 261536
8571 - 704429
1284 200435
2193 - 055294
6679 300204

5613 - 219298
3550 261536
8571 - 704429
1284 200435
2193 - 055294
6679 300204

5613 - 219298
3550 261536
8571 - 704429
1284 200435
2193 - 055294
6679 300204

5613 - 219298
3550 261536
8571 - 704429
1284 200435
2193 - 055294
6679 300204

5613 - 219298
3550 261536
8571 - 704429

1284 200435
2193 - 055294
6679 300204

5613 - 219298
3550 261536
8571 - 704429

1284 200435
2193 - 055294
6679 300204

5613 - 219298
3550 261536
8571 - 704429

1284 200435
2193 - 055294
6679 300204

5613 - 219298
3550 261536
8571 - 704429

1284 200435
2193 - 055294
6679 300204

5613 - 219298
3550 261536
8571 - 704429

1284 200435
2193 - 055294
6679 300204

5613 - 219298
3550 261536
8571 - 704429

1284 200435
2193 - 055294
6679 300204

5613 - 219298
3550 261536
8571 - 704429

1284 200435
2193 - 055294
6679 300204

5613 - 219298
3550 261536
8571 - 704429

1284 200435
2193 - 055294
6679 300204

5613 - 219298
3550 261536
8571 - 704429

1284 200435
2193 - 055294
6679 300204

5613 - 219298
3550 261536
8571 - 704429

1284 200435
2193 - 055294
6679 300204

5613 - 219298
3550 261536
8571 - 704429

1284 200435
2193 - 055294
6679 300204

5613 - 219298
3550 261536
8571 - 704429

1284 200435
2193 - 055294
6679 300204

5613 - 219298
3550 261536
8571 - 704429

1284 200435
2193 - 055294
6679 300204

5613 - 219298
3550 261536
8571 - 704429

1284 200435
2193 - 055294
6679 300204

5613 - 219298
3550 261536
8571 - 704429

1284 200435
2193 - 055294
6679 300204

5613 - 219298
3550 261536
8571 - 704429

1284 200435
2193 - 055294
6679 300204

5613 - 219298
3550 261536
8571 - 704429

1284 200435
2193 - 055294
6679 300204

5613 - 219298
3550 261536
8571 - 704429

1284 200435
2193 - 055294
6679 300204

5613 - 219298
3550 261536
8571 - 704429

1284 200435
2193 - 055294
6679 300204

5613 - 219298
3550 261536
8571 - 704429

1284 200435
2193 - 055294
6679 300204

5613 - 219298
3550 261536
8571 - 704429

1284 200435
2193 - 055294
6679 300204

5613 - 219298
3550 261536
8571 - 704429

1284 200435
2193 - 055294
6679 300204

5613 - 219298
3550 261536
8571 - 704429

1284 200435
2193 - 055294
6679 300204

5613 - 219298
3550 261536
8571 - 704429

1284 200435
2193 - 055294
6679 300204

5613 - 219298
3550 261536
8571 - 704429

1284 200435
2193 - 055294
6679 300204

5613 - 219298
3550 261536
8571 - 704429

1284 200435
2193 - 055294
6679 300204

5613 - 219298
3550 261536
8571 - 704429

1284 200435
2193 - 055294
6679 300204

5613 - 219298
3550 261536
8571 - 704429

1284 200435
2193 - 055294
6679 300204

5613 - 219298
3550 261536
8571 - 704429

1284 200435
2193 - 055294
6679 300204

5613 - 219298
3550 261536
8571 - 704429

1284 200435
2193 - 055294
6679 300204

5613 - 219298
3550 261536
8571 - 704429

1284 200435
2193 - 055294
6679 300204

5613 - 219298
3550 261536
8571 - 704429

1284 200435
2193 - 055294
6679 300204

5613 - 219298
3550 261536
8571 - 704429

1284 200435
2193 - 055294
6679 300204

5613 - 219298
3550 261536
8571 - 704429

1284 200435
2193 - 055294
6679 300204

5613 - 219298
3550 261536
8571 - 704429

1284 200435
2193 - 055294
6679 300204

5613 - 219298
3550 261536
8571 - 704429

1284 200435
2193 - 055294
6679 300204

5613 - 219298
3550 261536
8571 - 704429

1284 200435
2193 - 055294
6679 300204

5613 - 219298
3550 261536
8571 - 704429

1284 200435
2193 - 055294
6679 300204

5613 - 219298
3550 261536
8571 - 704429

1284 200435
2193 - 055294
6679 300204

5613 - 219298
3550 261536
8571 - 704429

1284 200435
2193 - 055294
6679 300204

5613 - 219298
3550 261536
8571 - 704429

1284 200435
2193 - 055294
6679 300204

5613 - 219298
3550 261536
8571 - 704429

1284 200435
2193 - 055294
6679 300204

5613 - 219298
3550 261536
8571 - 704429

1284 200435
2193 - 055294
6679 300204

5613 - 219298
3550 261536
8571 - 704429

1284 200435
2193 - 055294
6679 300204

5613 - 219298
3550 261536
8571 - 704429

1284 200435
2193 - 055294
6679 300204

5613 - 219298
3550 261536
8571 - 704429

1284 200435
2193 - 055294
6679 300204

5613 - 219298
3550 261536
8571 - 704429

1284 200435
2193 - 055294
6679 300204

5613 - 219298
3550 261536
8571 - 704429

1284 200435
2193 - 055294
6679 300204

5613 - 219298
3550 261536
8571 - 704429

1284 200435
2193 - 055294
6679 300204

5613 - 219298
3550 261536
8571 - 704429

1284 200435
2193 - 055294
6679 300204

5613 - 219298
3550 261536
8571 - 704429

1284 200435
2193 - 055294
6679 300204

5613 - 219298
3550 261536
8571 - 704429

1284 200435
2193 - 055294
6679 300204

5613 - 219298
3550 261536
8571 - 704429

1284 200435
2193 - 055294
6679 300204

5613 - 219298
3550 261536
8571 - 704429

1284 200435
2193 - 055294
6679 300204

5613 - 219298
3550 261536
8571 - 704429

1284 200435
2193 - 055294
6679 300204

5613 - 219298
3550 261536
8571 - 704429

1284 200435
2193 - 055294
6679 300204

5613 - 219298
3550 261536
8571 - 704429

1284 200435
2193 - 055294
6679 300204

5613 - 219298
3550 261536
8571 - 704429

1284 200435
2193 - 055294
6679 300204

5613 - 219298
3550 261536
8571 - 704429

1284 200435
2193 - 055294
6679 300204

5613 - 219298
3550 261536
8571 - 704429

1284 200435
2193 - 055294
6679 300204

5613 - 219298
3550 261536
8571 - 704429

1284 200435
2193 - 055294
6679 300204

5613 - 219298
3550 261536
8571 - 704429

1284 200435
2193 - 055294
6679 300204

5613 - 219298
3550 261536
8571 - 704429

1284 200435
2193 - 055294
6679 300204

5613 - 219298
3550 261536
8571 - 704429

1284 200435
2193 - 055294
6679 300204

5613 - 219298
3550 261536
8571 - 704429

1284 200435
2193 - 055294
6679 300204

5613 - 219298
3550 261536
8571 - 704429

1284 200435
2193 - 055294
6679 300204

5613 - 219298
3550 261536
8571 - 704429

1284 200435
2193 - 055294
6679 300204

5613 - 219298
3550 261536
8571 - 704429

1284 200435
2193 - 055294
6679 300204

5613 - 219298
3550 261536
8571 - 704429

1284 200435
2193 - 055294
6679 300204

5613 - 219298
3550 261536
8571 - 704429

1284 200435
2193 - 055294
6679 300204

5613 - 219298
3550 261536
8571 - 704429

1284 200435
2193 - 055294
6679 300204

5613 - 219298
3550 261536
8571 - 704429

1284 200435
2193 - 055294
6679 300204

5613 - 219298
3550 261536
8571 - 704429

1284 200435
2193 - 055294
6679 300204

5613 - 219298
3550 261536
8571 - 704429

1284 200435
2193 - 055294
6679 300204

5613 - 219298
3550 261536
8571 - 704429

1284 200435
2193 - 055294
6679 300204

5613 - 219298
3550 261536
8571 - 704429

1284 200435
2193 - 055294
6679 300204

5613 - 219298
3550 261536
8571 - 704429

1284 200435
2193 - 055294
6679 300204

5613 - 219298
3550 261536
8571 - 704429

1284 200435
2193 - 055294
6679 300204

5613 - 219298
3550 261536
8571 - 704429

1284 200435
2193 - 055294
6679 300204

5613 - 219298
3550 261536
8571 - 704429

1284 200435
2193 - 055294
6679 300204

5613 - 219298
3550 261536
8571 - 704429

1284 200435
2193 - 055294
6679 300204

5613 - 219298
3550 261536
8571 - 704429

1284 200435
2193 - 055294
6679 300204

5613 - 219298
3550 261536
8571 - 704429

1284 200435
2193 - 055294
6679 300204

5613 - 219298
3550 261536
8571 - 704429

1284 200435
2193 - 055294
6679 300204

5613 - 219298
3550 261536
8571 - 704429

1284 200435
2193 - 055294
6679 300204

5613 - 219298
3550 261536
8571 - 704429

1284 200435
2193 - 055294
6679 300204

5613 - 219298
3550 261536
8571 - 704429

1284 200435
2193 - 055294
6679 300204

5613 - 219298
3550 261536
8571 - 704429

1284 200435
2193 - 055294
6679 300204

5613 - 219298
3550 261536
8571 - 704429

1284 200435
2193 - 055294
6679 300204

5613 - 219298
3550 261536
8571 - 704429

1284 200435
2193 - 055294
6679 300204

5613 - 219298
3550 261536
8571 - 704429

1284 200435
2193 - 055294
6679 300204

5613 - 219298
3550 261536
8571 - 704429

1284 200435
2193 - 055294
6679 300204

5613 - 219298
3550 261536
8571 - 704429

1284 200435
2193 - 055294
6679 300204

5613 - 219298
3550 261536
8571 - 704429

1284 200435
2193 - 055294
6679 300204

5613 - 219298
3550 261536
8571 - 704429

1284 200435
2193 - 055294
6679 300204

5613 - 219298
3550 261536
8571 - 704429

1284 200435
2193 - 055294
6679 300204

5613 - 219298
3550 261536
8571 - 704429

1284 200435
2193 - 055294
6679 300204

5613 - 219298
3550 261536
8571 - 704429

1284 200435
2193 - 055294
6679 300204

5613 - 219298
3550 261536
8571 - 704429

1284 200435
2193 - 055294
6679 300204

5613 - 219298
3550 261536
8571 - 704429



social security no,
versicherungsnummer,
SSN, SSN#,
sozialversicherungsnummer, soziale
