Australia Driver Licence Number with at least 3 matches

838 058 244
37 538 146
G08967
838 058 244
37 538 146
G08967
838 058 244
37 538 146
G08967
838 058 244
37 538 146
G08967
838 058 244
37 538 146
G08967

driver license, drivers license, driving license, driver license number, drivers license number, driving license number, dlno#, drivers lic., 
driver's license number, driver licence, drivers licence, driving licence, driver permit, drivers permit, 

Australia Driver Licence Number Multiple Matches
55 118 526
31 035 666
73 403 041
37 538 146
55 118 526
31 035 666
73 403 041
37 538 146
55 118 526
31 035 666
73 403 041
37 538 146
55 118 526
31 035 666
73 403 041
37 538 146
55 118 526
31 035 666
73 403 041
37 538 146
55 118 526
31 035 666
73 403 041
37 538 146
55 118 526
31 035 666
73 403 041
37 538 146
55 118 526
31 035 666
73 403 041
37 538 146
55 118 526
31 035 666
73 403 041
37 538 146
55 118 526
31 035 666
73 403 041
37 538 146
55 118 526
31 035 666
73 403 041
37 538 146
55 118 526
31 035 666
73 403 041
37 538 146
55 118 526
31 035 666
73 403 041
37 538 146
55 118 526
31 035 666
73 403 041
37 538 146
55 118 526
31 035 666
73 403 041
37 538 146
55 118 526
31 035 666
73 403 041
37 538 146
55 118 526
31 035 666
73 403 041
37 538 146
55 118 526
31 035 666
73 403 041
37 538 146
55 118 526
31 035 666
73 403 041
37 538 146
55 118 526
31 035 666
73 403 041
37 538 146
55 118 526
31 035 666
73 403 041
37 538 146
55 118 526
31 035 666
73 403 041
37 538 146
55 118 526
31 035 666
73 403 041
37 538 146
55 118 526
31 035 666
73 403 041
37 538 146
55 118 526
31 035 666
73 403 041
37 538 146
55 118 526
31 035 666
73 403 041
37 538 146
55 118 526
31 035 666
73 403 041
37 538 146
55 118 526
31 035 666
73 403 041
37 538 146
55 118 526
31 035 666
73 403 041
37 538 146
55 118 526
31 035 666
73 403 041
37 538 146


H03157
X93505
U72052
G08967
H03157
X93505
U72052
G08967
H03157
X93505
U72052
G08967
H03157
X93505
U72052
G08967


927-982-5928
999-523-3701
195-690-4168
798-945-9903
927-982-5928
999-523-3701
195-690-4168
798-945-9903
927-982-5928
999-523-3701
195-690-4168
798-945-9903
927-982-5928
999-523-3701
195-690-4168
798-945-9903

529 016 615
082 984 256
984 387 307
529 016 615
082 984 256
984 387 307
529 016 615
082 984 256
984 387 307
529 016 615
082 984 256
984 387 307
529 016 615
082 984 256
984 387 307
driver license, drivers license, driving license, driver license number, drivers license number, driving license number, dlno#, drivers lic., 
driver's license number, driver licence, drivers licence, driving licence, driver permit, drivers permit, 