Australian Business Number with at least 3 matches
66 001 991 457
45 327 401 363
95 402 625 277
Australia Business No, Business No, BusinessNo#, Business Number, Australia Business No., 
ABN, abn#, businessID#, business ID, abn, ABN#, business number, businessno#

Australian Business Number Multiple Matches
66 001 991 457
88 325 594 435
60 004 785 504
15 606 253 696
66 001 991 457
88 325 594 435
60 004 785 504
15 606 253 696
68 072 667 228
89 083 413 512
81 073 727 198
66 001 991 457
88 325 594 435
60 004 785 504
15 606 253 696
68 072 667 228
89 083 413 512
81 073 727 198
66 001 991 457
88 325 594 435
60 004 785 504
15 606 253 696
68 072 667 228
89 083 413 512
81 073 727 198
66 001 991 457
88 325 594 435
60 004 785 504
15 606 253 696
68 072 667 228
89 083 413 512
81 073 727 198
66 001 991 457
88 325 594 435
60 004 785 504
15 606 253 696
68 072 667 228
89 083 413 512
81 073 727 198
66 001 991 457
88 325 594 435
60 004 785 504
15 606 253 696
68 072 667 228
89 083 413 512
81 073 727 198
66 001 991 457
88 325 594 435
60 004 785 504
15 606 253 696
68 072 667 228
89 083 413 512
81 073 727 198
66 001 991 457
88 325 594 435
60 004 785 504
15 606 253 696
68 072 667 228
89 083 413 512
81 073 727 198
68 072 667 228
89 083 413 512
81 073 727 198
66 001 991 457
88 325 594 435
60 004 785 504
15 606 253 696
68 072 667 228
89 083 413 512
81 073 727 198
66 001 991 457
88 325 594 435
60 004 785 504
15 606 253 696
68 072 667 228
89 083 413 512
81 073 727 198
66 001 991 457
88 325 594 435
60 004 785 504
15 606 253 696
68 072 667 228
89 083 413 512
81 073 727 198
66 001 991 457
88 325 594 435
60 004 785 504
15 606 253 696
68 072 667 228
89 083 413 512
81 073 727 198
66 001 991 457
88 325 594 435
60 004 785 504
15 606 253 696
68 072 667 228
89 083 413 512
81 073 727 198
66 001 991 457
88 325 594 435
60 004 785 504
15 606 253 696
68 072 667 228
89 083 413 512
81 073 727 198
66 001 991 457
88 325 594 435
60 004 785 504
15 606 253 696
68 072 667 228
89 083 413 512
81 073 727 198
66 001 991 457
88 325 594 435
60 004 785 504
15 606 253 696
68 072 667 228
89 083 413 512
81 073 727 198
66 001 991 457
88 325 594 435
60 004 785 504
15 606 253 696
68 072 667 228
89 083 413 512
81 073 727 198
66 001 991 457
88 325 594 435
60 004 785 504
15 606 253 696
68 072 667 228
89 083 413 512
81 073 727 198
Australia Business No, Business No, BusinessNo#, Business Number, Australia Business No., 
ABN, abn#, businessID#, business ID, abn, ABN#, business number, businessno#