Australia Tax File Number (TFN)  with at least 3 matches
159000004
159000012
159000020
30660525
20013800
50040000
901943305
54051990

89288477
946821218
186308809
89288477
946821218
186308809
89288477
946821218
186308809
89288477
946821218
186308809
89288477
946821218
186308809
TFN, Tax File Number, Australia TFN, Australia Tax File Number, ATO, ATO TFN, ATO tax file number

Australia Tax File Number (TFN) multiple matches
30267562
52224841
07900140
55846849
69708361
59508027
45913159
63380531
41838514
946821218
186308809
073165475
313437103
075640186
701988666
359000906
024808841
032258730
722902746
45913159
63380531
41838514
946821218
186308809
073165475
313437103
075640186
701988666
359000906
024808841
032258730
722902746
30267562
52224841
07900140
55846849
69708361
59508027
45913159
63380531
41838514
946821218
186308809
073165475
313437103
075640186
701988666
359000906
024808841
45913159
63380531
41838514
946821218
186308809
073165475
313437103
075640186
701988666
359000906
024808841
032258730
722902746
30267562
52224841
07900140
55846849
69708361
59508027
45913159
63380531
41838514
946821218
186308809
073165475
313437103
075640186
701988666
359000906
024808841
45913159
63380531
41838514
946821218
186308809
073165475
313437103
075640186
701988666
359000906
024808841
032258730
722902746
30267562
52224841
07900140
55846849
69708361
59508027
45913159
63380531
41838514
946821218
186308809
073165475
313437103
075640186
701988666
359000906
024808841
45913159
63380531
41838514
946821218
186308809
073165475
313437103
075640186
701988666
359000906
024808841
032258730
722902746
30267562
52224841
07900140
55846849
69708361
59508027
45913159
63380531
41838514
946821218
186308809
073165475
313437103
075640186
701988666
359000906
024808841
45913159
63380531
41838514
946821218
186308809
073165475
313437103
075640186
701988666
359000906
024808841
032258730
722902746
30267562
52224841
07900140
55846849
69708361
59508027
45913159
63380531
41838514
946821218
186308809
073165475
313437103
075640186
701988666
359000906
024808841
45913159
63380531
41838514
946821218
186308809
073165475
313437103
075640186
701988666
359000906
024808841
032258730
722902746
30267562
52224841
07900140
55846849
69708361
59508027
45913159
63380531
41838514
946821218
186308809
073165475
313437103
075640186
701988666
359000906
024808841
45913159
63380531
41838514
946821218
186308809
073165475
313437103
075640186
701988666
359000906
024808841
032258730
722902746
30267562
52224841
07900140
55846849
69708361
59508027
45913159
63380531
41838514
946821218
186308809
073165475
313437103
075640186
701988666
359000906
024808841

30267562
52224841
07900140
55846849
69708361
59508027
45913159
63380531
41838514
946821218
186308809
073165475
313437103
075640186
701988666
359000906
024808841
032258730
722902746
30267562
52224841
07900140
55846849
69708361
59508027
45913159
63380531
41838514
946821218
186308809
073165475
313437103
075640186
701988666
359000906
024808841
032258730
722902746
30267562
52224841
07900140
55846849
69708361
59508027
45913159
63380531
41838514
946821218
186308809
073165475
313437103
075640186
701988666
359000906
024808841
032258730
722902746
30267562
52224841
07900140
55846849
69708361
59508027
45913159
63380531
41838514
946821218
186308809
073165475
313437103
075640186
701988666
359000906
024808841
032258730
722902746
30267562
52224841
07900140
55846849
69708361
59508027
45913159
63380531
41838514
946821218
186308809
073165475
313437103
075640186
701988666
359000906
024808841
032258730
722902746
30267562
52224841
07900140
55846849
69708361
59508027
45913159
63380531
41838514
946821218
186308809
073165475
313437103
075640186
701988666
359000906
024808841
032258730
722902746
30267562
52224841
07900140
55846849
69708361
59508027
45913159
63380531
41838514
946821218
186308809
073165475
313437103
075640186
701988666
359000906
024808841
032258730
722902746
30267562
52224841
07900140
55846849
69708361
59508027
45913159
63380531
41838514
946821218
186308809
073165475
313437103
075640186
701988666
359000906
024808841
032258730
722902746

TFN, Tax File Number, Australia TFN, Australia Tax File Number, ATO, ATO TFN, ATO tax file number





