Bulgarian Uniform Civil Number with at least 2 matches

4827025181
8723054689
4827025181
8723054689
4827025181
8723054689
4827025181
8723054689
4827025181
8723054689
4827025181
8723054689
4827025181
8723054689
BUCN, uniform civil number, uniform civil ID, uniform civil no, EGN, Bulgarian uniform civil number, uniformcivilno#, BUCN#, EGN#, bucn, egn#,
 bucn#, uniformcivilnumber#, personal number, personal no, identification number, personal id, national id

Bulgarian Uniform Civil Number mutliple matches
0022019953
8432060089
3910098966
1250091240
3943214187
2346221394
1601212476
8732192101
1750262103
4550111090
4224302079
6244315120
6302306684
5210308722
1310306921
7752311969
0022019953
8432060089
3910098966
1250091240
3943214187
2346221394
1601212476
8732192101
1750262103
4550111090
4224302079
6244315120
6302306684
5210308722
1310306921
7752311969
0022019953
8432060089
3910098966
1250091240
3943214187
2346221394
1601212476
8732192101
1750262103
4550111090
4224302079
6244315120
6302306684
5210308722
1310306921
7752311969
0022019953
8432060089
3910098966
1250091240
3943214187
2346221394
1601212476
8732192101
1750262103
4550111090
4224302079
6244315120
6302306684
5210308722
1310306921
7752311969
0022019953
8432060089
3910098966
1250091240
3943214187
2346221394
1601212476
8732192101
1750262103
4550111090
4224302079
6244315120
6302306684
5210308722
1310306921
7752311969
0022019953
8432060089
3910098966
1250091240
3943214187
2346221394
1601212476
8732192101
1750262103
4550111090
4224302079
6244315120
6302306684
5210308722
1310306921
7752311969
0022019953
8432060089
3910098966
1250091240
3943214187
2346221394
1601212476
8732192101
1750262103
4550111090
4224302079
6244315120
6302306684
5210308722
1310306921
7752311969
0022019953
8432060089
3910098966
1250091240
3943214187
2346221394
1601212476
8732192101
1750262103
4550111090
4224302079
6244315120
6302306684
5210308722
1310306921
7752311969
0022019953
8432060089
3910098966
1250091240
3943214187
2346221394
1601212476
8732192101
1750262103
4550111090
4224302079
6244315120
6302306684
5210308722
1310306921
7752311969
0022019953
8432060089
3910098966
1250091240
3943214187
2346221394
1601212476
8732192101
1750262103
4550111090
4224302079
6244315120
6302306684
5210308722
1310306921
7752311969
0022019953
8432060089
3910098966
1250091240
3943214187
2346221394
1601212476
8732192101
1750262103
4550111090
4224302079
6244315120
6302306684
5210308722
1310306921
7752311969
0022019953
8432060089
3910098966
1250091240
3943214187
2346221394
1601212476
8732192101
1750262103
4550111090
4224302079
6244315120
6302306684
5210308722
1310306921
7752311969
0022019953
8432060089
3910098966
1250091240
3943214187
2346221394
1601212476
8732192101
1750262103
4550111090
4224302079
6244315120
6302306684
5210308722
1310306921
7752311969
0022019953
8432060089
3910098966
1250091240
3943214187
2346221394
1601212476
8732192101
1750262103
4550111090
4224302079
6244315120
6302306684
5210308722
1310306921
7752311969
0022019953
8432060089
3910098966
1250091240
3943214187
2346221394
1601212476
8732192101
1750262103
4550111090
4224302079
6244315120
6302306684
5210308722
1310306921
7752311969

BUCN, uniform civil number, uniform civil ID, uniform civil no, EGN, Bulgarian uniform civil number, uniformcivilno#, BUCN#, EGN#, bucn, egn#,
 bucn#, uniformcivilnumber#, personal number, personal no, identification number, personal id, national id