100043793
100043938
780000018
583037100
100005822

Burgerservicenummer with at least 2 matches

321121139
775373889
321121139
775373889
321121139
775373889
321121139
775373889
321121139
775373889
321121139
775373889
321121139
775373889
321121139
775373889

Persoonsnummer, sofinummer, sociaal-fiscaal nummer, persoonsgebonden, person number, social-fiscal number, person-related number

Burgerservicenummer multiple records
798682199
805321070
150162451
002908812
357145672
503001885
494622215
942661293
035059770
542456151
743512098
533582570
697829525
890362281
499598126
062602907
976257278
809253043
798682199
805321070
150162451
002908812
357145672
503001885
494622215
942661293
035059770
542456151
743512098
533582570
697829525
890362281
499598126
062602907
976257278
809253043
798682199
805321070
150162451
002908812
357145672
503001885
494622215
942661293
035059770
542456151
743512098
533582570
697829525
890362281
499598126
062602907
976257278
809253043
798682199
805321070
150162451
002908812
357145672
503001885
494622215
942661293
035059770
542456151
743512098
533582570
697829525
890362281
499598126
062602907
976257278
809253043
798682199
805321070
150162451
002908812
357145672
503001885
494622215
942661293
035059770
542456151
743512098
533582570
697829525
890362281
499598126
062602907
976257278
809253043
798682199
805321070
150162451
002908812
357145672
503001885
494622215
942661293
035059770
542456151
743512098
533582570
697829525
890362281
499598126
062602907
976257278
809253043
798682199
805321070
150162451
002908812
357145672
503001885
494622215
942661293
035059770
542456151
743512098
533582570
697829525
890362281
499598126
062602907
976257278
809253043
798682199
805321070
150162451
002908812
357145672
503001885
494622215
942661293
035059770
542456151
743512098
533582570
697829525
890362281
499598126
062602907
976257278
809253043
798682199
805321070
150162451
002908812
357145672
503001885
494622215
942661293
035059770
542456151
743512098
533582570
697829525
890362281
499598126
062602907
976257278
809253043
798682199
805321070
150162451
002908812
357145672
503001885
494622215
942661293
035059770
542456151
743512098
533582570
697829525
890362281
499598126
062602907
976257278
809253043
798682199
805321070
150162451
002908812
357145672
503001885
494622215
942661293
035059770
542456151
743512098
533582570
697829525
890362281
499598126
062602907
976257278
809253043
798682199
805321070
150162451
002908812
357145672
503001885
494622215
942661293
035059770
542456151
743512098
533582570
697829525
890362281
499598126
062602907
976257278
809253043
798682199
805321070
150162451
002908812
357145672
503001885
494622215
942661293
035059770
542456151
743512098
533582570
697829525
890362281
499598126
062602907
976257278
809253043
798682199
805321070
150162451
002908812
357145672
503001885
494622215
942661293
035059770
542456151
743512098
533582570
697829525
890362281
499598126
062602907
976257278
809253043
798682199
805321070
150162451
002908812
357145672
503001885
494622215
942661293
035059770
542456151
743512098
533582570
697829525
890362281
499598126
062602907
976257278
809253043
798682199
805321070
150162451
002908812
357145672
503001885
494622215
942661293
035059770
542456151
743512098
533582570
697829525
890362281
499598126
062602907
976257278
809253043

Persoonsnummer, sofinummer, sociaal-fiscaal nummer, persoonsgebonden, person number, social-fiscal number, person-related number