French INSEE code with at least 2 matches
  
5947038089564 64
5064256782386 79
5947038089564 64
5064256782386 79
5947038089564 64
5064256782386 79
5947038089564 64
5064256782386 79
5947038089564 64
5064256782386 79
5947038089564 64
5064256782386 79
INSEE, numéro de sécu, code sécu
social security number, social security code

French INSEE code multiple matches
6107956160061 05
4824749886700 05
1852210485358 16
4029838481147 66
0935397816278 87
7101910366883 18
5165536689358 74
7307301772575 34
8336741931656 36
0985026188992 87
6856747357743 05
6107956160061 05
4824749886700 05
1852210485358 16
4029838481147 66
0935397816278 87
7101910366883 18
5165536689358 74
7307301772575 34
8336741931656 36
0985026188992 87
6856747357743 05
6107956160061 05
4824749886700 05
1852210485358 16
4029838481147 66
0935397816278 87
7101910366883 18
5165536689358 74
7307301772575 34
8336741931656 36
0985026188992 87
6856747357743 05
6107956160061 05
4824749886700 05
1852210485358 16
4029838481147 66
0935397816278 87
7101910366883 18
5165536689358 74
7307301772575 34
8336741931656 36
0985026188992 87
6856747357743 05
6107956160061 05
4824749886700 05
1852210485358 16
4029838481147 66
0935397816278 87
7101910366883 18
5165536689358 74
7307301772575 34
8336741931656 36
0985026188992 87
6856747357743 05
6107956160061 05
4824749886700 05
1852210485358 16
4029838481147 66
0935397816278 87
7101910366883 18
5165536689358 74
7307301772575 34
8336741931656 36
0985026188992 87
6856747357743 05
6107956160061 05
4824749886700 05
1852210485358 16
4029838481147 66
0935397816278 87
7101910366883 18
5165536689358 74
7307301772575 34
8336741931656 36
0985026188992 87
6856747357743 05
6107956160061 05
4824749886700 05
1852210485358 16
4029838481147 66
0935397816278 87
7101910366883 18
5165536689358 74
7307301772575 34
8336741931656 36
0985026188992 87
6856747357743 05
6107956160061 05
4824749886700 05
1852210485358 16
4029838481147 66
0935397816278 87
7101910366883 18
5165536689358 74
7307301772575 34
8336741931656 36
0985026188992 87
6856747357743 05
6107956160061 05
4824749886700 05
1852210485358 16
4029838481147 66
0935397816278 87
7101910366883 18
5165536689358 74
7307301772575 34
8336741931656 36
0985026188992 87
6856747357743 05
6107956160061 05
4824749886700 05
1852210485358 16
4029838481147 66
0935397816278 87
7101910366883 18
5165536689358 74
7307301772575 34
8336741931656 36
0985026188992 87
6856747357743 05
6107956160061 05
4824749886700 05
1852210485358 16
4029838481147 66
0935397816278 87
7101910366883 18
5165536689358 74
7307301772575 34
8336741931656 36
0985026188992 87
6856747357743 05

6107956160061 05
4824749886700 05
1852210485358 16
4029838481147 66
0935397816278 87
7101910366883 18
5165536689358 74
7307301772575 34
8336741931656 36
0985026188992 87
6856747357743 05
6107956160061 05
4824749886700 05
1852210485358 16
4029838481147 66
0935397816278 87
7101910366883 18
5165536689358 74
7307301772575 34
8336741931656 36
0985026188992 87
6856747357743 05
6107956160061 05
4824749886700 05
1852210485358 16
4029838481147 66
0935397816278 87
7101910366883 18
5165536689358 74
7307301772575 34
8336741931656 36
0985026188992 87
6856747357743 05
6107956160061 05
4824749886700 05
1852210485358 16
4029838481147 66
0935397816278 87
7101910366883 18
5165536689358 74
7307301772575 34
8336741931656 36
0985026188992 87
6856747357743 05
INSEE, numéro de sécu, code sécu
social security number, social security code
