225040010
225040008
266463300
119983200
882642775
612432723
790681797 

Greek Tax Identification Number atleast two matches

261253416 
780691169
261253416 
780691169
261253416 
780691169
261253416 
780691169
261253416 
780691169
261253416 
780691169
AFM,
 TIN,
 tax ID No., Tax id no,
 tax identification number, tax id no.
, Tax Registry Number, Tax Registry No.,
 AFM#, TIN#, Tax Identification Number
, TaxIDNo#, taxregistryno#


Greek Tax Identification Number Multiple Records
574334746 
046984073 
659880279 
694210650 
773887256 
125785403 
718829807 
265018700 
482154881 
725964465
574334746 
046984073 
659880279 
694210650 
773887256 
125785403 
718829807 
265018700 
482154881 
725964465
574334746 
046984073 
659880279 
694210650 
773887256 
125785403 
718829807 
265018700 
482154881 
725964465
574334746 
046984073 
659880279 
694210650 
773887256 
125785403 
718829807 
265018700 
482154881 
725964465
574334746 
046984073 
659880279 
694210650 
773887256 
125785403 
718829807 
265018700 
482154881 
725964465
574334746 
046984073 
659880279 
694210650 
773887256 
125785403 
718829807 
265018700 
482154881 
725964465
574334746 
046984073 
659880279 
694210650 
773887256 
125785403 
718829807 
265018700 
482154881 
725964465
574334746 
046984073 
659880279 
694210650 
773887256 
125785403 
718829807 
265018700 
482154881 
725964465
574334746 
046984073 
659880279 
694210650 
773887256 
125785403 
718829807 
265018700 
482154881 
725964465
574334746 
046984073 
659880279 
694210650 
773887256 
125785403 
718829807 
265018700 
482154881 
725964465
574334746 
046984073 
659880279 
694210650 
773887256 
125785403 
718829807 
265018700 
482154881 
725964465
574334746 
046984073 
659880279 
694210650 
773887256 
125785403 
718829807 
265018700 
482154881 
725964465
574334746 
046984073 
659880279 
694210650 
773887256 
125785403 
718829807 
265018700 
482154881 
725964465
574334746 
046984073 
659880279 
694210650 
773887256 
125785403 
718829807 
265018700 
482154881 
725964465
574334746 
046984073 
659880279 
694210650 
773887256 
125785403 
718829807 
265018700 
482154881 
725964465
574334746 
046984073 
659880279 
694210650 
773887256 
125785403 
718829807 
265018700 
482154881 
725964465
574334746 
046984073 
659880279 
694210650 
773887256 
125785403 
718829807 
265018700 
482154881 
725964465
574334746 
046984073 
659880279 
694210650 
773887256 
125785403 
718829807 
265018700 
482154881 
725964465
574334746 
046984073 
659880279 
694210650 
773887256 
125785403 
718829807 
265018700 
482154881 
725964465
574334746 
046984073 
659880279 
694210650 
773887256 
125785403 
718829807 
265018700 
482154881 
725964465
574334746 
046984073 
659880279 
694210650 
773887256 
125785403 
718829807 
265018700 
482154881 
725964465
574334746 
046984073 
659880279 
694210650 
773887256 
125785403 
718829807 
265018700 
482154881 
725964465
574334746 
046984073 
659880279 
694210650 
773887256 
125785403 
718829807 
265018700 
482154881 
725964465
574334746 
046984073 
659880279 
694210650 
773887256 
125785403 
718829807 
265018700 
482154881 
725964465
574334746 
046984073 
659880279 
694210650 
773887256 
125785403 
718829807 
265018700 
482154881 
725964465
574334746 
046984073 
659880279 
694210650 
773887256 
125785403 
718829807 
265018700 
482154881 
725964465




AFM,
 TIN,
 tax ID No., Tax id no,
 tax identification number, tax id no.
, Tax Registry Number, Tax Registry No.,
 AFM#, TIN#, Tax Identification Number
, TaxIDNo#, taxregistryno#