Hungarian Social Security Number atleast two matches

228995133
228995140
228991393
228957087
228788027
228788034 
228780519

683752378
251189512
683752378
251189512
683752378
251189512
683752378
251189512
683752378
251189512
683752378
251189512


Hungary Social Security Number, 
social security number, 
socialsecuritynumber#, 

Hungarian Social Security Number Multiple Records

382308723
435441486
066414090
792403513 
610422934 
103562792 
877858950 
206247756 
078569612 
559881148 
085671375
382308723
435441486
066414090
792403513 
610422934 
103562792 
877858950 
206247756 
078569612 
559881148 
085671375

382308723
435441486
066414090
792403513 
610422934 
103562792 
877858950 
206247756 
078569612 
559881148 
085671375

382308723
435441486
066414090
792403513 
610422934 
103562792 
877858950 
206247756 
078569612 
559881148 
085671375

382308723
435441486
066414090
792403513 
610422934 
103562792 
877858950 
206247756 
078569612 
559881148 
085671375

382308723
435441486
066414090
792403513 
610422934 
103562792 
877858950 
206247756 
078569612 
559881148 
085671375
382308723
435441486
066414090
792403513 
610422934 
103562792 
877858950 
206247756 
078569612 
559881148 
085671375
382308723
435441486
066414090
792403513 
610422934 
103562792 
877858950 
206247756 
078569612 
559881148 
085671375
382308723
435441486
066414090
792403513 
610422934 
103562792 
877858950 
206247756 
078569612 
559881148 
085671375
382308723
435441486
066414090
792403513 
610422934 
103562792 
877858950 
206247756 
078569612 
559881148 
085671375
382308723
435441486
066414090
792403513 
610422934 
103562792 
877858950 
206247756 
078569612 
559881148 
085671375
382308723
435441486
066414090
792403513 
610422934 
103562792 
877858950 
206247756 
078569612 
559881148 
085671375
382308723
435441486
066414090
792403513 
610422934 
103562792 
877858950 
206247756 
078569612 
559881148 
085671375
382308723
435441486
066414090
792403513 
610422934 
103562792 
877858950 
206247756 
078569612 
559881148 
085671375
382308723
435441486
066414090
792403513 
610422934 
103562792 
877858950 
206247756 
078569612 
559881148 
085671375
382308723
435441486
066414090
792403513 
610422934 
103562792 
877858950 
206247756 
078569612 
559881148 
085671375

382308723
435441486
066414090
792403513 
610422934 
103562792 
877858950 
206247756 
078569612 
559881148 
085671375
382308723
435441486
066414090
792403513 
610422934 
103562792 
877858950 
206247756 
078569612 
559881148 
085671375

382308723
435441486
066414090
792403513 
610422934 
103562792 
877858950 
206247756 
078569612 
559881148 
085671375

382308723
435441486
066414090
792403513 
610422934 
103562792 
877858950 
206247756 
078569612 
559881148 
085671375

382308723
435441486
066414090
792403513 
610422934 
103562792 
877858950 
206247756 
078569612 
559881148 
085671375

382308723
435441486
066414090
792403513 
610422934 
103562792 
877858950 
206247756 
078569612 
559881148 
085671375
382308723
435441486
066414090
792403513 
610422934 
103562792 
877858950 
206247756 
078569612 
559881148 
085671375
382308723
435441486
066414090
792403513 
610422934 
103562792 
877858950 
206247756 
078569612 
559881148 
085671375
382308723
435441486
066414090
792403513 
610422934 
103562792 
877858950 
206247756 
078569612 
559881148 
085671375
382308723
435441486
066414090
792403513 
610422934 
103562792 
877858950 
206247756 
078569612 
559881148 
085671375
382308723
435441486
066414090
792403513 
610422934 
103562792 
877858950 
206247756 
078569612 
559881148 
085671375
382308723
435441486
066414090
792403513 
610422934 
103562792 
877858950 
206247756 
078569612 
559881148 
085671375
382308723
435441486
066414090
792403513 
610422934 
103562792 
877858950 
206247756 
078569612 
559881148 
085671375
382308723
435441486
066414090
792403513 
610422934 
103562792 
877858950 
206247756 
078569612 
559881148 
085671375
382308723
435441486
066414090
792403513 
610422934 
103562792 
877858950 
206247756 
078569612 
559881148 
085671375
382308723
435441486
066414090
792403513 
610422934 
103562792 
877858950 
206247756 
078569612 
559881148 
085671375
382308723
435441486
066414090
792403513 
610422934 
103562792 
877858950 
206247756 
078569612 
559881148 
085671375
382308723
435441486
066414090
792403513 
610422934 
103562792 
877858950 
206247756 
078569612 
559881148 
085671375

382308723
435441486
066414090
792403513 
610422934 
103562792 
877858950 
206247756 
078569612 
559881148 
085671375

382308723
435441486
066414090
792403513 
610422934 
103562792 
877858950 
206247756 
078569612 
559881148 
085671375

382308723
435441486
066414090
792403513 
610422934 
103562792 
877858950 
206247756 
078569612 
559881148 
085671375

382308723
435441486
066414090
792403513 
610422934 
103562792 
877858950 
206247756 
078569612 
559881148 
085671375
382308723
435441486
066414090
792403513 
610422934 
103562792 
877858950 
206247756 
078569612 
559881148 
085671375
382308723
435441486
066414090
792403513 
610422934 
103562792 
877858950 
206247756 
078569612 
559881148 
085671375
382308723
435441486
066414090
792403513 
610422934 
103562792 
877858950 
206247756 
078569612 
559881148 
085671375
382308723
435441486
066414090
792403513 
610422934 
103562792 
877858950 
206247756 
078569612 
559881148 
085671375
382308723
435441486
066414090
792403513 
610422934 
103562792 
877858950 
206247756 
078569612 
559881148 
085671375
382308723
435441486
066414090
792403513 
610422934 
103562792 
877858950 
206247756 
078569612 
559881148 
085671375
382308723
435441486
066414090
792403513 
610422934 
103562792 
877858950 
206247756 
078569612 
559881148 
085671375
382308723
435441486
066414090
792403513 
610422934 
103562792 
877858950 
206247756 
078569612 
559881148 
085671375
382308723
435441486
066414090
792403513 
610422934 
103562792 
877858950 
206247756 
078569612 
559881148 
085671375
382308723
435441486
066414090
792403513 
610422934 
103562792 
877858950 
206247756 
078569612 
559881148 
085671375
382308723
435441486
066414090
792403513 
610422934 
103562792 
877858950 
206247756 
078569612 
559881148 
085671375
382308723
435441486
066414090
792403513 
610422934 
103562792 
877858950 
206247756 
078569612 
559881148 
085671375

382308723
435441486
066414090
792403513 
610422934 
103562792 
877858950 
206247756 
078569612 
559881148 
085671375

382308723
435441486
066414090
792403513 
610422934 
103562792 
877858950 
206247756 
078569612 
559881148 
085671375

382308723
435441486
066414090
792403513 
610422934 
103562792 
877858950 
206247756 
078569612 
559881148 
085671375

382308723
435441486
066414090
792403513 
610422934 
103562792 
877858950 
206247756 
078569612 
559881148 
085671375
382308723
435441486
066414090
792403513 
610422934 
103562792 
877858950 
206247756 
078569612 
559881148 
085671375
382308723
435441486
066414090
792403513 
610422934 
103562792 
877858950 
206247756 
078569612 
559881148 
085671375
382308723
435441486
066414090
792403513 
610422934 
103562792 
877858950 
206247756 
078569612 
559881148 
085671375
382308723
435441486
066414090
792403513 
610422934 
103562792 
877858950 
206247756 
078569612 
559881148 
085671375
382308723
435441486
066414090
792403513 
610422934 
103562792 
877858950 
206247756 
078569612 
559881148 
085671375
382308723
435441486
066414090
792403513 
610422934 
103562792 
877858950 
206247756 
078569612 
559881148 
085671375
382308723
435441486
066414090
792403513 
610422934 
103562792 
877858950 
206247756 
078569612 
559881148 
085671375
382308723
435441486
066414090
792403513 
610422934 
103562792 
877858950 
206247756 
078569612 
559881148 
085671375
382308723
435441486
066414090
792403513 
610422934 
103562792 
877858950 
206247756 
078569612 
559881148 
085671375
382308723
435441486
066414090
792403513 
610422934 
103562792 
877858950 
206247756 
078569612 
559881148 
085671375
382308723
435441486
066414090
792403513 
610422934 
103562792 
877858950 
206247756 
078569612 
559881148 
085671375
382308723
435441486
066414090
792403513 
610422934 
103562792 
877858950 
206247756 
078569612 
559881148 
085671375

382308723
435441486
066414090
792403513 
610422934 
103562792 
877858950 
206247756 
078569612 
559881148 
085671375

382308723
435441486
066414090
792403513 
610422934 
103562792 
877858950 
206247756 
078569612 
559881148 
085671375

382308723
435441486
066414090
792403513 
610422934 
103562792 
877858950 
206247756 
078569612 
559881148 
085671375

382308723
435441486
066414090
792403513 
610422934 
103562792 
877858950 
206247756 
078569612 
559881148 
085671375
382308723
435441486
066414090
792403513 
610422934 
103562792 
877858950 
206247756 
078569612 
559881148 
085671375
382308723
435441486
066414090
792403513 
610422934 
103562792 
877858950 
206247756 
078569612 
559881148 
085671375
382308723
435441486
066414090
792403513 
610422934 
103562792 
877858950 
206247756 
078569612 
559881148 
085671375
382308723
435441486
066414090
792403513 
610422934 
103562792 
877858950 
206247756 
078569612 
559881148 
085671375
382308723
435441486
066414090
792403513 
610422934 
103562792 
877858950 
206247756 
078569612 
559881148 
085671375
382308723
435441486
066414090
792403513 
610422934 
103562792 
877858950 
206247756 
078569612 
559881148 
085671375
382308723
435441486
066414090
792403513 
610422934 
103562792 
877858950 
206247756 
078569612 
559881148 
085671375
382308723
435441486
066414090
792403513 
610422934 
103562792 
877858950 
206247756 
078569612 
559881148 
085671375
382308723
435441486
066414090
792403513 
610422934 
103562792 
877858950 
206247756 
078569612 
559881148 
085671375
382308723
435441486
066414090
792403513 
610422934 
103562792 
877858950 
206247756 
078569612 
559881148 
085671375
382308723
435441486
066414090
792403513 
610422934 
103562792 
877858950 
206247756 
078569612 
559881148 
085671375
382308723
435441486
066414090
792403513 
610422934 
103562792 
877858950 
206247756 
078569612 
559881148 
085671375

382308723
435441486
066414090
792403513 
610422934 
103562792 
877858950 
206247756 
078569612 
559881148 
085671375

382308723
435441486
066414090
792403513 
610422934 
103562792 
877858950 
206247756 
078569612 
559881148 
085671375

382308723
435441486
066414090
792403513 
610422934 
103562792 
877858950 
206247756 
078569612 
559881148 
085671375

382308723
435441486
066414090
792403513 
610422934 
103562792 
877858950 
206247756 
078569612 
559881148 
085671375
382308723
435441486
066414090
792403513 
610422934 
103562792 
877858950 
206247756 
078569612 
559881148 
085671375
382308723
435441486
066414090
792403513 
610422934 
103562792 
877858950 
206247756 
078569612 
559881148 
085671375
382308723
435441486
066414090
792403513 
610422934 
103562792 
877858950 
206247756 
078569612 
559881148 
085671375
382308723
435441486
066414090
792403513 
610422934 
103562792 
877858950 
206247756 
078569612 
559881148 
085671375
382308723
435441486
066414090
792403513 
610422934 
103562792 
877858950 
206247756 
078569612 
559881148 
085671375
382308723
435441486
066414090
792403513 
610422934 
103562792 
877858950 
206247756 
078569612 
559881148 
085671375
382308723
435441486
066414090
792403513 
610422934 
103562792 
877858950 
206247756 
078569612 
559881148 
085671375
382308723
435441486
066414090
792403513 
610422934 
103562792 
877858950 
206247756 
078569612 
559881148 
085671375
382308723
435441486
066414090
792403513 
610422934 
103562792 
877858950 
206247756 
078569612 
559881148 
085671375
382308723
435441486
066414090
792403513 
610422934 
103562792 
877858950 
206247756 
078569612 
559881148 
085671375



Hungary Social Security Number, 
social security number, 
socialsecuritynumber#, 
hssn#, HSSN#, 
socialsecuritynno,
 HSSN, TAJ, TAJ#
, SSN, SSN#, 
social security no
ÁFA, Közösségi adószám, Általános forgalmi adó szám, hozzáadottérték adó, ÁFA szám, magyar ÁFA szám