Hungarian Tax Identification Number atleast two matches

8351526170
8345206513
8351526170
8345206513
8351526170
8345206513
8351526170
8345206513
8351526170
8345206513
8351526170
8345206513

 VAT number, 
tax authority no, 
tax ID tax identity number
, taxidnumber#
, tin#,
 TIN#, 
 adóazonosító szám,

Hungarian Tax Identification Number Multiple Records
8588483697
8632504170
8768015480
8200205580
8945974172
8319855381
8272885120
8032209166
8497644277
8356363833
8588483697
8632504170
8768015480
8200205580
8945974172
8319855381
8272885120
8032209166
8497644277
8356363833

8588483697
8632504170
8768015480
8200205580
8945974172
8319855381
8272885120
8032209166
8497644277
8356363833

8588483697
8632504170
8768015480
8200205580
8945974172
8319855381
8272885120
8032209166
8497644277
8356363833

8588483697
8632504170
8768015480
8200205580
8945974172
8319855381
8272885120
8032209166
8497644277
8356363833

8588483697
8632504170
8768015480
8200205580
8945974172
8319855381
8272885120
8032209166
8497644277
8356363833
8588483697
8632504170
8768015480
8200205580
8945974172
8319855381
8272885120
8032209166
8497644277
8356363833
8588483697
8632504170
8768015480
8200205580
8945974172
8319855381
8272885120
8032209166
8497644277
8356363833
8588483697
8632504170
8768015480
8200205580
8945974172
8319855381
8272885120
8032209166
8497644277
8356363833
8588483697
8632504170
8768015480
8200205580
8945974172
8319855381
8272885120
8032209166
8497644277
8356363833
8588483697
8632504170
8768015480
8200205580
8945974172
8319855381
8272885120
8032209166
8497644277
8356363833
8588483697
8632504170
8768015480
8200205580
8945974172
8319855381
8272885120
8032209166
8497644277
8356363833
8588483697
8632504170
8768015480
8200205580
8945974172
8319855381
8272885120
8032209166
8497644277
8356363833
8588483697
8632504170
8768015480
8200205580
8945974172
8319855381
8272885120
8032209166
8497644277
8356363833
8588483697
8632504170
8768015480
8200205580
8945974172
8319855381
8272885120
8032209166
8497644277
8356363833
8588483697
8632504170
8768015480
8200205580
8945974172
8319855381
8272885120
8032209166
8497644277
8356363833
8588483697
8632504170
8768015480
8200205580
8945974172
8319855381
8272885120
8032209166
8497644277
8356363833
8588483697
8632504170
8768015480
8200205580
8945974172
8319855381
8272885120
8032209166
8497644277
8356363833
8588483697
8632504170
8768015480
8200205580
8945974172
8319855381
8272885120
8032209166
8497644277
8356363833
8588483697
8632504170
8768015480
8200205580
8945974172
8319855381
8272885120
8032209166
8497644277
8356363833
8588483697
8632504170
8768015480
8200205580
8945974172
8319855381
8272885120
8032209166
8497644277
8356363833

8588483697
8632504170
8768015480
8200205580
8945974172
8319855381
8272885120
8032209166
8497644277
8356363833

8588483697
8632504170
8768015480
8200205580
8945974172
8319855381
8272885120
8032209166
8497644277
8356363833

8588483697
8632504170
8768015480
8200205580
8945974172
8319855381
8272885120
8032209166
8497644277
8356363833

8588483697
8632504170
8768015480
8200205580
8945974172
8319855381
8272885120
8032209166
8497644277
8356363833
8588483697
8632504170
8768015480
8200205580
8945974172
8319855381
8272885120
8032209166
8497644277
8356363833
8588483697
8632504170
8768015480
8200205580
8945974172
8319855381
8272885120
8032209166
8497644277
8356363833
8588483697
8632504170
8768015480
8200205580
8945974172
8319855381
8272885120
8032209166
8497644277
8356363833
8588483697
8632504170
8768015480
8200205580
8945974172
8319855381
8272885120
8032209166
8497644277
8356363833
8588483697
8632504170
8768015480
8200205580
8945974172
8319855381
8272885120
8032209166
8497644277
8356363833
8588483697
8632504170
8768015480
8200205580
8945974172
8319855381
8272885120
8032209166
8497644277
8356363833
8588483697
8632504170
8768015480
8200205580
8945974172
8319855381
8272885120
8032209166
8497644277
8356363833
8588483697
8632504170
8768015480
8200205580
8945974172
8319855381
8272885120
8032209166
8497644277
8356363833
8588483697
8632504170
8768015480
8200205580
8945974172
8319855381
8272885120
8032209166
8497644277
8356363833
8588483697
8632504170
8768015480
8200205580
8945974172
8319855381
8272885120
8032209166
8497644277
8356363833
8588483697
8632504170
8768015480
8200205580
8945974172
8319855381
8272885120
8032209166
8497644277
8356363833
8588483697
8632504170
8768015480
8200205580
8945974172
8319855381
8272885120
8032209166
8497644277
8356363833
8588483697
8632504170
8768015480
8200205580
8945974172
8319855381
8272885120
8032209166
8497644277
8356363833
8588483697
8632504170
8768015480
8200205580
8945974172
8319855381
8272885120
8032209166
8497644277
8356363833
8588483697
8632504170
8768015480
8200205580
8945974172
8319855381
8272885120
8032209166
8497644277
8356363833

8588483697
8632504170
8768015480
8200205580
8945974172
8319855381
8272885120
8032209166
8497644277
8356363833

8588483697
8632504170
8768015480
8200205580
8945974172
8319855381
8272885120
8032209166
8497644277
8356363833

8588483697
8632504170
8768015480
8200205580
8945974172
8319855381
8272885120
8032209166
8497644277
8356363833

8588483697
8632504170
8768015480
8200205580
8945974172
8319855381
8272885120
8032209166
8497644277
8356363833
8588483697
8632504170
8768015480
8200205580
8945974172
8319855381
8272885120
8032209166
8497644277
8356363833
8588483697
8632504170
8768015480
8200205580
8945974172
8319855381
8272885120
8032209166
8497644277
8356363833
8588483697
8632504170
8768015480
8200205580
8945974172
8319855381
8272885120
8032209166
8497644277
8356363833
8588483697
8632504170
8768015480
8200205580
8945974172
8319855381
8272885120
8032209166
8497644277
8356363833
8588483697
8632504170
8768015480
8200205580
8945974172
8319855381
8272885120
8032209166
8497644277
8356363833
8588483697
8632504170
8768015480
8200205580
8945974172
8319855381
8272885120
8032209166
8497644277
8356363833
8588483697
8632504170
8768015480
8200205580
8945974172
8319855381
8272885120
8032209166
8497644277
8356363833
8588483697
8632504170
8768015480
8200205580
8945974172
8319855381
8272885120
8032209166
8497644277
8356363833
8588483697
8632504170
8768015480
8200205580
8945974172
8319855381
8272885120
8032209166
8497644277
8356363833
8588483697
8632504170
8768015480
8200205580
8945974172
8319855381
8272885120
8032209166
8497644277
8356363833
8588483697
8632504170
8768015480
8200205580
8945974172
8319855381
8272885120
8032209166
8497644277
8356363833
8588483697
8632504170
8768015480
8200205580
8945974172
8319855381
8272885120
8032209166
8497644277
8356363833
8588483697
8632504170
8768015480
8200205580
8945974172
8319855381
8272885120
8032209166
8497644277
8356363833
8588483697
8632504170
8768015480
8200205580
8945974172
8319855381
8272885120
8032209166
8497644277
8356363833
8588483697
8632504170
8768015480
8200205580
8945974172
8319855381
8272885120
8032209166
8497644277
8356363833

8588483697
8632504170
8768015480
8200205580
8945974172
8319855381
8272885120
8032209166
8497644277
8356363833

8588483697
8632504170
8768015480
8200205580
8945974172
8319855381
8272885120
8032209166
8497644277
8356363833

8588483697
8632504170
8768015480
8200205580
8945974172
8319855381
8272885120
8032209166
8497644277
8356363833

8588483697
8632504170
8768015480
8200205580
8945974172
8319855381
8272885120
8032209166
8497644277
8356363833
8588483697
8632504170
8768015480
8200205580
8945974172
8319855381
8272885120
8032209166
8497644277
8356363833
8588483697
8632504170
8768015480
8200205580
8945974172
8319855381
8272885120
8032209166
8497644277
8356363833
8588483697
8632504170
8768015480
8200205580
8945974172
8319855381
8272885120
8032209166
8497644277
8356363833
8588483697
8632504170
8768015480
8200205580
8945974172
8319855381
8272885120
8032209166
8497644277
8356363833
8588483697
8632504170
8768015480
8200205580
8945974172
8319855381
8272885120
8032209166
8497644277
8356363833
8588483697
8632504170
8768015480
8200205580
8945974172
8319855381
8272885120
8032209166
8497644277
8356363833
8588483697
8632504170
8768015480
8200205580
8945974172
8319855381
8272885120
8032209166
8497644277
8356363833
8588483697
8632504170
8768015480
8200205580
8945974172
8319855381
8272885120
8032209166
8497644277
8356363833
8588483697
8632504170
8768015480
8200205580
8945974172
8319855381
8272885120
8032209166
8497644277
8356363833
8588483697
8632504170
8768015480
8200205580
8945974172
8319855381
8272885120
8032209166
8497644277
8356363833
8588483697
8632504170
8768015480
8200205580
8945974172
8319855381
8272885120
8032209166
8497644277
8356363833
8588483697
8632504170
8768015480
8200205580
8945974172
8319855381
8272885120
8032209166
8497644277
8356363833
8588483697
8632504170
8768015480
8200205580
8945974172
8319855381
8272885120
8032209166
8497644277
8356363833
8588483697
8632504170
8768015480
8200205580
8945974172
8319855381
8272885120
8032209166
8497644277
8356363833
8588483697
8632504170
8768015480
8200205580
8945974172
8319855381
8272885120
8032209166
8497644277
8356363833

8588483697
8632504170
8768015480
8200205580
8945974172
8319855381
8272885120
8032209166
8497644277
8356363833

8588483697
8632504170
8768015480
8200205580
8945974172
8319855381
8272885120
8032209166
8497644277
8356363833

8588483697
8632504170
8768015480
8200205580
8945974172
8319855381
8272885120
8032209166
8497644277
8356363833

8588483697
8632504170
8768015480
8200205580
8945974172
8319855381
8272885120
8032209166
8497644277
8356363833
8588483697
8632504170
8768015480
8200205580
8945974172
8319855381
8272885120
8032209166
8497644277
8356363833
8588483697
8632504170
8768015480
8200205580
8945974172
8319855381
8272885120
8032209166
8497644277
8356363833
8588483697
8632504170
8768015480
8200205580
8945974172
8319855381
8272885120
8032209166
8497644277
8356363833
8588483697
8632504170
8768015480
8200205580
8945974172
8319855381
8272885120
8032209166
8497644277
8356363833
8588483697
8632504170
8768015480
8200205580
8945974172
8319855381
8272885120
8032209166
8497644277
8356363833
8588483697
8632504170
8768015480
8200205580
8945974172
8319855381
8272885120
8032209166
8497644277
8356363833
8588483697
8632504170
8768015480
8200205580
8945974172
8319855381
8272885120
8032209166
8497644277
8356363833
8588483697
8632504170
8768015480
8200205580
8945974172
8319855381
8272885120
8032209166
8497644277
8356363833
8588483697
8632504170
8768015480
8200205580
8945974172
8319855381
8272885120
8032209166
8497644277
8356363833
8588483697
8632504170
8768015480
8200205580
8945974172
8319855381
8272885120
8032209166
8497644277
8356363833
8588483697
8632504170
8768015480
8200205580
8945974172
8319855381
8272885120
8032209166
8497644277
8356363833
8588483697
8632504170
8768015480
8200205580
8945974172
8319855381
8272885120
8032209166
8497644277
8356363833
8588483697
8632504170
8768015480
8200205580
8945974172
8319855381
8272885120
8032209166
8497644277
8356363833


Hungarian tax identification number, 
Hungarian TIN,
 tax ID number,
 VAT number, 
tax authority no, 
tax ID tax identity number
, taxidnumber#
, tin#,
 TIN#, 
 adóazonosító szám,
 adószám,
 adóhatóság szám