South Africa Personal Identification Number with at least 3 matches
479627-8089-093
902993 9982-103
9673313030079

0012084896062
0012082219135
0012084896179
2910138956071
2910147025140
2910081015016

identity number, national insurance number, personal identity number, personal identification number, 
insurance number, nationalid#, personalidentityno#, unique identity number, uniqueidentityno#

South Africa Personal Identification Number with at least 3 matches
190117 3742 995
510224 9614 186
020622 2944 284
590311 0126 591
710528 2826 698
561128 0687 788
110209 9931 789
520424 4099 596
710117 5920 280
601124 0747 883
970426 3590 699
870829 4668 996
030909 0684 086
630612 0377 192
110522 3986 484
560609 0008 181
410926 2312 081
150509 5546 198
830724 1366 087
140302 8162 695
490521 8244 890
690505 7614 895
930428 0519 686
620305 2289 891
181002 3150 294
721009 5354 581
041002 9631 892
460919 2112 794
760509 1294 084
601125 8117 986
001025 0829 897
510912 7585 994
180706 6940 394
970603 2551 394
590216 0573 793
500125 7481 299
071113 5262 694
140903 6157 980
760111 4183 889
640416 0301 798
150608 0807 480
600716 3409 985
990513 7093 586
610915 4628 490
820217 9069 692
550701 4574 580
491117 8334 188
610331 3463 380
661105 5346 282
071202 2609 996
581111 3039 295
570408 2672 180
690527 6421 491

identity number, national insurance number, personal identity number, personal identification number, 
insurance number, nationalid#, personalidentityno#, unique identity number, uniqueidentityno#



South Africa Personal Identification Number with at least 3 matches
479627-8089-093
902993 9982-103
9673313030079
identity number, national insurance number, personal identity number, personal identification number, 
insurance number, nationalid#, personalidentityno#, unique identity number, uniqueidentityno#

South Africa Personal Identification Number with at least 3 matches
190117 3742 995
510224 9614 186
020622 2944 284
590311 0126 591
710528 2826 698
561128 0687 788
110209 9931 789
520424 4099 596
710117 5920 280
601124 0747 883
970426 3590 699
870829 4668 996
030909 0684 086
630612 0377 192
110522 3986 484
560609 0008 181
410926 2312 081
150509 5546 198
830724 1366 087
140302 8162 695
490521 8244 890
690505 7614 895
930428 0519 686
620305 2289 891
181002 3150 294
721009 5354 581
041002 9631 892
460919 2112 794
760509 1294 084
601125 8117 986
001025 0829 897
510912 7585 994
180706 6940 394
970603 2551 394
590216 0573 793
500125 7481 299
071113 5262 694
140903 6157 980
760111 4183 889
640416 0301 798
150608 0807 480
600716 3409 985
990513 7093 586
610915 4628 490
820217 9069 692
550701 4574 580
491117 8334 188
610331 3463 380
661105 5346 282
071202 2609 996
581111 3039 295
570408 2672 180
690527 6421 491

identity number, national insurance number, personal identity number, personal identification number, 
insurance number, nationalid#, personalidentityno#, unique identity number, uniqueidentityno#




South Africa Personal Identification Number with at least 3 matches
479627-8089-093
902993 9982-103
9673313030079
identity number, national insurance number, personal identity number, personal identification number, 
insurance number, nationalid#, personalidentityno#, unique identity number, uniqueidentityno#

South Africa Personal Identification Number with at least 3 matches
190117 3742 995
510224 9614 186
020622 2944 284
590311 0126 591
710528 2826 698
561128 0687 788
110209 9931 789
520424 4099 596
710117 5920 280
601124 0747 883
970426 3590 699
870829 4668 996
030909 0684 086
630612 0377 192
110522 3986 484
560609 0008 181
410926 2312 081
150509 5546 198
830724 1366 087
140302 8162 695
490521 8244 890
690505 7614 895
930428 0519 686
620305 2289 891
181002 3150 294
721009 5354 581
041002 9631 892
460919 2112 794
760509 1294 084
601125 8117 986
001025 0829 897
510912 7585 994
180706 6940 394
970603 2551 394
590216 0573 793
500125 7481 299
071113 5262 694
140903 6157 980
760111 4183 889
640416 0301 798
150608 0807 480
600716 3409 985
990513 7093 586
610915 4628 490
820217 9069 692
550701 4574 580
491117 8334 188
610331 3463 380
661105 5346 282
071202 2609 996
581111 3039 295
570408 2672 180
690527 6421 491

identity number, national insurance number, personal identity number, personal identification number, 
insurance number, nationalid#, personalidentityno#, unique identity number, uniqueidentityno#




South Africa Personal Identification Number with at least 3 matches
479627-8089-093
902993 9982-103
9673313030079
identity number, national insurance number, personal identity number, personal identification number, 
insurance number, nationalid#, personalidentityno#, unique identity number, uniqueidentityno#

South Africa Personal Identification Number with at least 3 matches
190117 3742 995
510224 9614 186
020622 2944 284
590311 0126 591
710528 2826 698
561128 0687 788
110209 9931 789
520424 4099 596
710117 5920 280
601124 0747 883
970426 3590 699
870829 4668 996
030909 0684 086
630612 0377 192
110522 3986 484
560609 0008 181
410926 2312 081
150509 5546 198
830724 1366 087
140302 8162 695
490521 8244 890
690505 7614 895
930428 0519 686
620305 2289 891
181002 3150 294
721009 5354 581
041002 9631 892
460919 2112 794
760509 1294 084
601125 8117 986
001025 0829 897
510912 7585 994
180706 6940 394
970603 2551 394
590216 0573 793
500125 7481 299
071113 5262 694
140903 6157 980
760111 4183 889
640416 0301 798
150608 0807 480
600716 3409 985
990513 7093 586
610915 4628 490
820217 9069 692
550701 4574 580
491117 8334 188
610331 3463 380
661105 5346 282
071202 2609 996
581111 3039 295
570408 2672 180
690527 6421 491

identity number, national insurance number, personal identity number, personal identification number, 
insurance number, nationalid#, personalidentityno#, unique identity number, uniqueidentityno#



South Africa Personal Identification Number with at least 3 matches
479627-8089-093
902993 9982-103
9673313030079
identity number, national insurance number, personal identity number, personal identification number, 
insurance number, nationalid#, personalidentityno#, unique identity number, uniqueidentityno#

South Africa Personal Identification Number with at least 3 matches
190117 3742 995
510224 9614 186
020622 2944 284
590311 0126 591
710528 2826 698
561128 0687 788
110209 9931 789
520424 4099 596
710117 5920 280
601124 0747 883
970426 3590 699
870829 4668 996
030909 0684 086
630612 0377 192
110522 3986 484
560609 0008 181
410926 2312 081
150509 5546 198
830724 1366 087
140302 8162 695
490521 8244 890
690505 7614 895
930428 0519 686
620305 2289 891
181002 3150 294
721009 5354 581
041002 9631 892
460919 2112 794
760509 1294 084
601125 8117 986
001025 0829 897
510912 7585 994
180706 6940 394
970603 2551 394
590216 0573 793
500125 7481 299
071113 5262 694
140903 6157 980
760111 4183 889
640416 0301 798
150608 0807 480
600716 3409 985
990513 7093 586
610915 4628 490
820217 9069 692
550701 4574 580
491117 8334 188
610331 3463 380
661105 5346 282
071202 2609 996
581111 3039 295
570408 2672 180
690527 6421 491

identity number, national insurance number, personal identity number, personal identification number, 
insurance number, nationalid#, personalidentityno#, unique identity number, uniqueidentityno#